1.832294e-02
8.391142e-03
8.365154e-03
8.368969e-03
8.373022e-03
8.375883e-03
8.371115e-03
8.379936e-03
8.373022e-03
8.370161e-03
8.376837e-03
8.375168e-03
8.383989e-03
8.373976e-03
8.373976e-03
8.370876e-03
8.373976e-03
8.376837e-03
8.379936e-03
8.377075e-03
8.383036e-03
8.387089e-03
8.374929e-03
8.373976e-03
8.373022e-03
8.384943e-03
8.375883e-03
8.377075e-03
8.377075e-03
8.374929e-03
8.376122e-03
8.375168e-03
8.383036e-03
1.526461e-01
1.411080e-01
1.409860e-01
1.409009e-01
1.406701e-01
1.491549e-01
1.486440e-01
1.487341e-01
1.488671e-01
1.490119e-01
1.480830e-01
1.479321e-01
1.478589e-01
1.478369e-01
1.475952e-01
1.475110e-01
1.472440e-01
1.472220e-01
1.473091e-01
1.469641e-01
1.469960e-01
1.468918e-01
1.468620e-01
1.466131e-01
1.466680e-01
1.466391e-01
1.465671e-01
1.465740e-01
1.462960e-01
1.462500e-01
1.463459e-01
1.463981e-01
1.467218e-01
