3.893740e-01
1.292460e-01
1.292710e-01
1.292541e-01
1.292570e-01
1.292579e-01
1.293528e-01
2.512281e-01
2.515068e-01
2.518799e-01
2.512290e-01
2.512560e-01
2.514160e-01
2.512980e-01
2.514019e-01
2.513511e-01
2.513702e-01
2.542331e-01
2.512910e-01
2.513471e-01
2.513380e-01
2.514489e-01
2.513180e-01
2.513192e-01
2.514529e-01
2.518330e-01
2.513561e-01
2.512910e-01
2.513289e-01
2.513270e-01
2.513471e-01
2.513580e-01
2.513070e-01
8.516335e+00
8.367042e+00
8.323571e+00
8.323215e+00
8.367516e+00
8.446627e+00
8.451692e+00
8.325110e+00
8.403047e+00
8.322702e+00
8.366823e+00
8.449220e+00
8.402493e+00
8.322627e+00
8.324169e+00
8.325075e+00
8.325429e+00
8.324855e+00
8.404709e+00
8.322562e+00
8.368117e+00
8.445126e+00
8.405250e+00
8.367751e+00
8.446045e+00
8.446008e+00
8.323514e+00
8.324339e+00
8.323063e+00
8.367278e+00
8.445724e+00
8.453325e+00
8.445511e+00
