8.002591e-02
3.266978e-02
3.266406e-02
3.267193e-02
3.268003e-02
3.266287e-02
3.267407e-02
3.267193e-02
3.268003e-02
3.266597e-02
3.266907e-02
3.267813e-02
3.267789e-02
3.265905e-02
3.267288e-02
3.266907e-02
3.268600e-02
3.266692e-02
3.266501e-02
3.267503e-02
3.271818e-02
3.267288e-02
3.266382e-02
3.268504e-02
3.267717e-02
3.267694e-02
3.267097e-02
3.268194e-02
3.268290e-02
3.267193e-02
3.267884e-02
3.268409e-02
3.269506e-02
1.099564e+00
1.052950e+00
1.052806e+00
1.064042e+00
1.085360e+00
1.084870e+00
1.086227e+00
1.087072e+00
1.084885e+00
1.084628e+00
1.084562e+00
1.084450e+00
1.084891e+00
1.084632e+00
1.084864e+00
1.084780e+00
1.084843e+00
1.084686e+00
1.084483e+00
1.084784e+00
1.084311e+00
1.085597e+00
1.085196e+00
1.085130e+00
1.074058e+00
1.053183e+00
1.052870e+00
1.052802e+00
1.052614e+00
1.052792e+00
1.053115e+00
1.052597e+00
1.052571e+00
