4.370928e-03
3.580809e-03
2.293110e-03
2.268076e-03
2.269030e-03
2.272844e-03
2.273798e-03
2.265930e-03
2.268076e-03
2.276897e-03
2.270937e-03
2.271891e-03
2.266884e-03
2.270937e-03
2.273083e-03
2.268791e-03
2.274990e-03
2.272129e-03
2.265930e-03
2.273083e-03
2.269983e-03
2.275944e-03
2.280235e-03
2.281904e-03
2.285004e-03
2.275944e-03
2.279043e-03
2.277851e-03
2.277851e-03
2.279043e-03
2.274036e-03
2.279997e-03
2.285004e-03
2.279997e-03
4.775047e-03
2.288818e-03
2.269030e-03
2.274036e-03
2.269030e-03
2.278090e-03
2.267122e-03
2.269983e-03
2.264977e-03
2.278090e-03
2.269030e-03
2.274036e-03
2.269030e-03
2.273083e-03
2.269983e-03
2.278090e-03
2.271175e-03
2.279043e-03
2.278090e-03
2.269030e-03
2.277136e-03
2.278805e-03
2.279043e-03
2.285004e-03
2.274036e-03
2.279043e-03
2.279043e-03
2.279997e-03
2.284050e-03
2.276897e-03
2.282143e-03
2.282143e-03
2.276897e-03
3.525019e-03
2.280951e-03
2.257824e-03
2.258062e-03
2.274990e-03
2.259016e-03
2.267122e-03
2.259016e-03
2.259016e-03
2.266169e-03
2.259970e-03
2.268076e-03
2.264023e-03
2.255917e-03
2.257109e-03
2.268076e-03
2.265930e-03
2.274990e-03
2.263069e-03
2.256870e-03
2.275944e-03
2.268076e-03
2.273083e-03
2.269030e-03
2.270937e-03
2.272844e-03
2.280951e-03
2.279997e-03
2.268076e-03
2.268076e-03
2.265930e-03
2.272129e-03
2.267122e-03
2.090502e-02
1.869607e-02
1.881695e-02
1.870489e-02
1.876998e-02
1.873207e-02
1.862597e-02
1.860499e-02
1.866603e-02
1.860714e-02
1.859903e-02
1.860094e-02
1.862001e-02
1.866007e-02
1.865602e-02
1.860881e-02
1.861811e-02
1.868200e-02
1.860094e-02
1.856303e-02
1.860094e-02
1.857495e-02
1.860714e-02
1.860309e-02
1.862502e-02
1.859999e-02
1.863885e-02
1.862788e-02
1.865602e-02
1.862597e-02
1.857400e-02
1.863694e-02
1.863599e-02
